37
7
1
38
8
2
39
9
3
4
40
10
4
5
6
41
11
5
6
7
42
12
6
7
7
8
8
9
9
10
44
45
46
47
45
46
47
48
46
47
48
49
47
48
49
50
48
49
50
51
49
50
51
52
13
14
15
16
44
45
46
47
48
49
13
13
14
14
15
15
16
16
14
15
16
17
45
46
47
48
49
50
14
14
15
15
16
16
17
17
15
16
17
18
46
47
48
49
50
51
15
15
16
16
17
17
18
18
16
17
18
19
47
48
49
50
51
52
16
16
17
17
18
18
19
19
36
2
42
43
45
47
53
54
56
58
64
65
67
69
75
76
78
80
86
87
89
91
97
98
100
102
108
109
111
113
119
120
122
124
130
131
133
135
141
142
144
146
152
153
155
157
163
164
166
168
174
175
177
179
185
186
188
190
154
8
10
12
14
16
14
16
18
20
22
24
26
28
30
24
26
28
30
32
34
36
38
40
42
34
36
38
40
42
44
46
48
50
52
44
46
48
50
52
54
56
58
60
62
64
66
56
58
60
62
64
66
68
70
72
74
76
66
68
70
72
74
76
78
80
82
84
86
88
78
80
82
84
86
88
90
92
94
96
98
90
92
94
96
98
100
102
104
106
108
102
104
106
108
110
112
114
116
118
116
118
120
122
124
126
132
